ParName   Value   Gradient
theta[1]      0.35708  8.00331e-05
theta[2]     0.333847  8.28373e-06
theta[4]      16.0256 -0.000141879
theta[5]      9.80263  -0.00105084
theta[13]    -0.127481  -1.1605e-06
theta[14]     -0.21248  -7.5068e-07
theta[15]    0.0209126  4.51225e-07
theta[16]     0.468145  9.11262e-07
theta[17]     0.898324  7.19913e-07
theta[18]      1.22623  6.19119e-07
theta[19]      1.27256  1.86618e-06
theta[20]       1.2184  1.42316e-06
theta[21]      1.27658 -1.17706e-07
theta[22]      1.35777  1.72346e-07
theta[23]      1.29218  3.35745e-07
theta[24]      1.30839 -2.07426e-06
theta[25]      1.47308 -5.05532e-06
theta[26]      1.22782  -5.8062e-06
theta[27]     0.848066 -6.69282e-06
theta[28]     0.360567  -5.3153e-06
theta[29]    -0.356752 -3.55862e-06
theta[30]     -1.15954 -8.81959e-07
theta[31]      -1.7517 -1.91579e-06
theta[32]     -1.79039 -1.46706e-06
theta[33]     -1.77676 -2.12009e-06
theta[34]     0.564741  7.72486e-07
theta[35]     0.811985  -1.8149e-07
theta[36]      1.33685  3.14825e-07
theta[37]      2.78934 -2.86426e-07
theta[38]      2.97934 -4.11803e-06
theta[39]      2.15373 -2.86403e-06
theta[40]      1.91186 -3.50891e-06
theta[41]      1.61736  -2.4389e-06
theta[42]      1.40823 -5.33689e-06
theta[43]      1.09872 -4.67728e-06
theta[44]     0.555858 -4.46797e-06
theta[45]      0.20067 -2.48486e-06
theta[46]    0.0194335 -2.58169e-06
theta[47]    -0.380886 -2.45609e-06
theta[48]    -0.940556 -5.87625e-07
theta[49]     -1.34129 -1.99402e-06
theta[50]     -1.61655 -6.25932e-07
theta[51]     -1.82146 -1.81883e-07
theta[52]     -1.99541 -1.72725e-06
theta[53]     -2.11097 -1.21664e-06
theta[54]     -1.91989  -2.5666e-06
theta[55]     -1.85974 -6.22639e-07
theta[56]     0.480788  8.68444e-07
theta[57]     0.672758  9.63717e-08
theta[58]      1.13315  3.25585e-06
theta[59]      2.03735  3.84453e-06
theta[60]      3.55771  1.74476e-05
theta[61]      4.30419   3.3404e-05
theta[62]      3.66725  1.98577e-05
theta[63]      2.33381   3.9513e-06
theta[64]     0.919185 -7.52527e-08
theta[65]    -0.125627  1.10014e-07
theta[66]    -0.536381   5.7938e-07
theta[67]      -0.6258 -8.38287e-07
theta[68]    -0.623718  5.47833e-08
theta[69]    -0.619856 -7.44584e-07
theta[70]    -0.636384 -1.87731e-07
theta[71]    -0.695446  -4.3063e-07
theta[72]     -0.73623 -1.17935e-07
theta[73]    -0.768835 -1.05988e-06
theta[74]    -0.800327 -8.24655e-07
theta[75]    -0.843123 -3.20976e-07
theta[76]    -0.922865 -1.17586e-06
theta[77]     -1.07935 -8.90928e-07
theta[78]     0.272073  9.57815e-07
theta[79]     0.292403 -4.74434e-07
theta[80]     0.366247  1.64466e-06
theta[81]     0.747456  5.91542e-07
theta[82]      1.24624  5.21477e-07
theta[83]      1.76884  9.11272e-07
theta[84]     0.673492 -8.11699e-08
theta[85]    -0.330871  4.49762e-07
theta[86]      -1.0344 -9.13398e-07
theta[87]     -1.50697 -1.18495e-07
theta[88]     -1.73262   8.8533e-08
theta[89]     -1.79203 -2.42944e-07
theta[90]     -1.83857 -1.78695e-07
theta[91]     -1.86252 -1.25029e-06
theta[92]      -1.8867  1.17304e-06
theta[93]     -1.91348  3.15119e-07
theta[94]     -1.93469 -1.02133e-06
theta[95]     -1.94756  8.93164e-07
theta[96]     -1.95422 -1.85245e-06
theta[97]     -1.95735  6.03299e-07
theta[98]     -1.95875  -1.7826e-06
theta[99]     -1.95937  -2.7725e-07
Grwth[1]      2.16692 -7.04146e-05
Grwth[2]    -0.217518  0.000140603
Grwth[4]    -0.202801 -8.46512e-06
Grwth[5]    -0.299862  2.62846e-05
Grwth[10]    0.0243612  1.84416e-06
Grwth[11]    0.0453833  2.87365e-06
Grwth[12]    0.0790879  3.26122e-06
Grwth[13]     0.118316  5.21931e-06
Grwth[14]     0.167295  4.62699e-06
Grwth[15]     0.176489  4.94612e-06
Grwth[16]     0.201752  4.39448e-06
Grwth[17]     0.232817  3.78954e-06
Grwth[18]     0.221212  3.23634e-06
Grwth[19]     0.205752  2.04468e-06
Grwth[20]      0.23916   1.3682e-06
Grwth[21]     0.410009  9.40408e-07
Grwth[22]     0.803111  3.99846e-07
Grwth[30]    0.0963179 -8.52641e-09
Grwth[31]     0.060014 -4.02211e-07
Grwth[32]     0.342771  1.33443e-06
Grwth[33]     0.780239  1.56804e-06
Grwth[34]     0.922611  3.77437e-06
Grwth[35]     0.955444  4.65269e-06
log_slx_pars[1]      4.63963  0.000102863
log_slx_pars[2]      1.49697 -1.68601e-05
log_slx_pars[3]      4.25814  7.65275e-05
log_slx_pars[4]     0.963094 -9.27111e-06
log_slx_pars[5]       4.5701  6.12568e-06
log_slx_pars[6]      2.28515 -2.86044e-06
log_slx_pars[7]      3.81174  4.25931e-07
log_slx_pars[8]      2.01419 -9.61751e-09
log_slx_pars[9]      3.85667  1.81127e-06
log_slx_pars[10]      1.06254  3.93255e-07
log_slx_pars[11]      3.68285  4.30444e-06
log_slx_pars[12]      1.56066  1.06831e-06
log_slx_pars[13]      3.85278  3.02117e-06
log_slx_pars[14]      1.35054 -3.09181e-07
log_slx_pars[15]     -3.86212 -6.86587e-08
log_slx_pars[16]     -3.86213 -4.30137e-08
log_slx_pars[17]     -3.86176  -6.4846e-08
log_slx_pars[18]     -3.85135 -5.39113e-08
log_slx_pars[19]     -3.82984 -2.19616e-07
log_slx_pars[20]     -3.69699  5.85169e-08
log_slx_pars[21]     -3.35377 -1.26776e-08
log_slx_pars[22]      -2.8838 -2.16058e-07
log_slx_pars[23]     -2.44294  1.25759e-07
log_slx_pars[24]     -1.99534  3.30806e-08
log_slx_pars[25]     -1.79026   1.4293e-08
log_slx_pars[26]      -1.5725  2.80073e-07
log_slx_pars[27]     -1.17279  -1.4971e-07
log_slx_pars[28]    -0.858128  3.78035e-08
log_slx_pars[29]    -0.970636  1.82766e-07
log_slx_pars[30]     -1.38712 -1.19866e-07
log_slx_pars[31]     -1.59131  -3.1085e-07
log_slx_pars[32]     -1.65227 -3.93711e-07
log_slx_pars[33]      -1.5803 -8.20963e-09
log_slx_pars[34]     -1.37651 -1.43123e-08
log_slx_pars[35]     -1.26096 -1.71125e-07
log_slx_pars[36]      -1.1864 -3.78796e-08
log_slx_pars[37]     -2.63584 -1.41806e-07
log_slx_pars[38]     -2.63637  1.27101e-07
log_slx_pars[39]     -2.76446 -1.38209e-07
log_slx_pars[40]     -3.09427  5.52222e-08
log_slx_pars[41]     -3.37449  2.57098e-07
log_slx_pars[42]     -2.47112 -1.14225e-07
log_slx_pars[43]     -1.94618  3.18477e-07
log_slx_pars[44]     -1.66379 -2.14436e-07
log_slx_pars[45]     -1.70631 -1.69956e-08
log_slx_pars[46]     -1.90743  -1.1549e-07
log_slx_pars[47]     -1.97427 -1.95643e-07
log_slx_pars[48]     -1.97141  1.71975e-07
log_slx_pars[49]     -1.97077  3.14452e-07
log_slx_pars[50]     -1.97072 -1.12466e-08
log_slx_pars[51]     -1.97069 -1.04413e-07
log_slx_pars[52]     -1.97066 -7.63174e-08
log_slx_pars[53]     -1.97064 -2.67736e-08
log_slx_pars[54]     -1.97062  6.50477e-08
log_slx_pars[55]      -1.9706 -4.73646e-08
log_slx_pars[56]     -1.97059 -1.53678e-08
log_slx_pars[57]     -1.97058 -7.48528e-08
log_slx_pars[58]     -1.97057  8.48801e-08
log_slx_pars[61]    -0.215316  7.09827e-08
log_slx_pars[62]    -0.590989 -1.09607e-09
log_slx_pars[63]    -0.891818 -9.36937e-08
log_slx_pars[64]    -0.508056  1.24038e-08
log_slx_pars[69]     -0.35061  6.79077e-10
log_slx_pars[70]    -0.401464  9.88119e-08
log_slx_pars[71]    -0.455214 -2.69523e-07
log_slx_pars[72]    -0.556251 -2.91686e-08
log_slx_pars[73]     -0.50364 -6.04232e-08
log_slx_pars[74]    -0.484388  2.32514e-07
log_slx_pars[75]    -0.492104  -4.1175e-07
log_slx_pars[76]    -0.542572 -9.84404e-08
log_slx_pars[77]    -0.567301 -2.96287e-07
log_slx_pars[78]    -0.517288 -1.80234e-07
log_slx_pars[79]    -0.448416 -1.88211e-07
log_slx_pars[80]     -0.38606 -1.94377e-07
log_slx_pars[81]    -0.331946 -4.91083e-08
log_slx_pars[82]    -0.309747 -1.72453e-07
log_slx_pars[83]    -0.437408  1.72768e-08
log_slx_pars[84]    -0.906164 -1.27901e-07
log_slx_pars[85]    -0.683474 -1.03944e-07
log_slx_pars[86]    -0.619775  3.12286e-08
log_slx_pars[87]    -0.465802 -5.51245e-08
log_slx_pars[88]    -0.635611  2.96354e-08
log_slx_pars[89]    -0.665035 -1.81812e-07
log_slx_pars[90]     -0.78783 -4.24113e-08
log_slx_pars[91]    -0.736197  2.81455e-08
log_slx_pars[92]    -0.754443 -6.65589e-09
log_slx_pars[93]    -0.756009 -1.51016e-08
log_slx_pars[94]    -0.755527 -2.70102e-07
log_slx_pars[95]    -0.755467 -1.96683e-07
log_slx_pars[96]    -0.755457  3.24242e-08
log_slx_pars[97]     -0.75545 -5.87209e-07
log_slx_pars[98]    -0.755444 -1.38125e-08
log_slx_pars[99]    -0.755439 -2.65614e-07
log_slx_pars[100]    -0.755434  -1.3597e-07
log_slx_pars[101]     -0.75543 -3.01318e-07
log_slx_pars[102]    -0.755427 -2.92677e-07
log_slx_pars[103]    -0.755424 -1.48641e-07
log_slx_pars[104]    -0.755422 -3.78769e-07
log_slx_pars[107]      4.56903 -0.000120234
log_slx_pars[108]     0.538268 -4.57226e-06
log_fbar[1]   -0.0194312 -7.49574e-05
log_fbar[2]     -5.79518 -1.38339e-05
log_fdev[1](1)     -1.59979 -4.82181e-06
log_fdev[1](2)      -1.5942  -7.4321e-06
log_fdev[1](3)    -0.708874 -6.67093e-06
log_fdev[1](4)     -0.26492 -4.59017e-06
log_fdev[1](5)   -0.0908021 -3.30149e-06
log_fdev[1](6)     0.209367 -2.31385e-06
log_fdev[1](7)    0.0384466 -3.47127e-06
log_fdev[1](8)    -0.112606 -2.27289e-06
log_fdev[1](9)     0.571763 -2.15693e-06
log_fdev[1](10)     0.656664   4.5332e-06
log_fdev[1](11)     0.978764 -1.43041e-07
log_fdev[1](12)     0.691639  5.06548e-06
log_fdev[1](13)     0.435744 -1.04457e-06
log_fdev[1](14)      0.12112  -4.8418e-06
log_fdev[1](15)   -0.0813143 -5.03567e-06
log_fdev[1](16)      0.18757  6.12427e-06
log_fdev[1](17)     0.278713  1.20166e-05
log_fdev[1](18)     -1.19136  3.40557e-07
log_fdev[1](19)    -0.977069 -4.30163e-06
log_fdev[1](20)    -0.045953 -5.66568e-06
log_fdev[1](21)    -0.355455 -1.00017e-05
log_fdev[1](22)     -1.06138 -8.27707e-06
log_fdev[1](23)     -1.00885 -5.53939e-06
log_fdev[1](24)    -0.237976 -6.76854e-06
log_fdev[1](25)    -0.317812 -6.11065e-06
log_fdev[1](26)    -0.158641 -4.87867e-06
log_fdev[1](27)    -0.570037 -6.97532e-06
log_fdev[1](28)     -1.05425   -4.284e-06
log_fdev[1](29)     -1.10316  -3.3358e-06
log_fdev[1](30)   -0.0797912 -4.01124e-07
log_fdev[1](31)     0.380999 -1.50839e-06
log_fdev[1](32)     0.482044   2.5856e-06
log_fdev[1](33)     0.905968  1.22422e-06
log_fdev[1](34)      1.04779 -1.50839e-06
log_fdev[1](35)      0.67844 -1.09442e-06
log_fdev[1](36)     0.882989 -3.20439e-06
log_fdev[1](37)      1.53168 -2.16682e-07
log_fdev[1](38)      1.65929 -8.60923e-07
log_fdev[1](39)     0.875265 -1.32354e-05
log_fdev[2](1)    -0.293917  -3.6066e-07
log_fdev[2](2)  -0.00327046  3.13367e-07
log_fdev[2](3)     0.147419 -3.53392e-07
log_fdev[2](4)     0.109278  4.91174e-07
log_fdev[2](5)      -8.9784 -3.74539e-08
log_fdev[2](6)     -4.85753  2.42556e-07
log_fdev[2](7)     -5.44575 -2.84901e-07
log_fdev[2](8)     -1.68984  1.48241e-06
log_fdev[2](9)     0.256202  9.84559e-08
log_fdev[2](10)      1.20608 -6.63426e-07
log_fdev[2](11)      2.03986  1.12436e-06
log_fdev[2](12)      1.98315  2.05908e-06
log_fdev[2](13)      2.63347   7.7658e-07
log_fdev[2](14)        1.339 -7.72944e-07
log_fdev[2](15)     0.482327 -1.48398e-06
log_fdev[2](16)      0.62286 -5.21767e-07
log_fdev[2](17)     0.550136 -7.83992e-07
log_fdev[2](18)     0.799338 -1.31624e-06
log_fdev[2](19)     0.977238 -1.93037e-06
log_fdev[2](20)     0.987928 -2.10625e-06
log_fdev[2](21)     0.308722  -1.0685e-06
log_fdev[2](22)      1.11207 -1.10917e-06
log_fdev[2](23)      1.47461 -9.76458e-07
log_fdev[2](24)     0.442367  -1.4329e-06
log_fdev[2](25)     0.968306 -1.52129e-06
log_fdev[2](26)    -0.120217 -1.17687e-06
log_fdev[2](27)    -0.338303 -8.99105e-08
log_fdev[2](28)     0.474476  -1.9201e-06
log_fdev[2](29)    -0.716994 -6.76275e-08
log_fdev[2](30)    -0.319274 -1.22222e-06
log_fdev[2](31)     0.445976  2.61665e-07
log_fdev[2](32)    -0.106705 -1.20291e-06
log_fdev[2](33)     0.325757 -1.78905e-07
log_fdev[2](34)     0.730323   9.1905e-07
log_fdev[2](35)     0.194011  2.20149e-07
log_fdev[2](36)   -0.0929714  2.27722e-07
log_fdev[2](37)      1.50859  4.95538e-07
log_fdev[2](38)      1.25544  -2.0237e-06
log_fdev[2](39)    -0.411747  8.28561e-07
log_foff[1]      -6.9869 -3.12864e-05
log_fdov[1](1)     0.274048  1.25086e-07
log_fdov[1](2)   -0.0556745  1.93234e-07
log_fdov[1](3)    -0.621582  8.20921e-08
log_fdov[1](4)    -0.733182 -1.21027e-06
log_fdov[1](5)     0.189111  1.47247e-08
log_fdov[1](6)      0.24136  -1.8165e-06
log_fdov[1](7)     0.202323  3.41441e-07
log_fdov[1](8)     0.510575  1.62069e-10
log_fdov[1](9)    0.0783956 -1.63642e-06
log_fdov[1](10)     0.428943  1.67018e-07
log_fdov[1](11)      1.09189 -3.81091e-07
log_fdov[1](12)       1.0798  1.36138e-06
log_fdov[1](13)       0.9919 -1.95479e-06
log_fdov[1](14)   -0.0305258 -1.10672e-06
log_fdov[1](15)      1.68916 -3.38121e-06
log_fdov[1](16)    -0.983325  7.84848e-07
log_fdov[1](17)    -0.598403  1.37073e-06
log_fdov[1](18)     -1.62577  -1.4912e-06
log_fdov[1](19)     -1.67256 -1.96655e-06
log_fdov[1](20)     -2.64274 -2.15624e-06
log_fdov[1](21)    0.0272196 -1.97973e-06
log_fdov[1](22)    -0.948965  1.80489e-06
log_fdov[1](23)    -0.693443 -1.55967e-06
log_fdov[1](24)    -0.335997 -1.14095e-06
log_fdov[1](25)     -1.84758 -1.68969e-07
log_fdov[1](26)     0.512301 -2.05897e-06
log_fdov[1](27)     0.882755 -7.95806e-08
log_fdov[1](28)       1.5397  1.83149e-06
log_fdov[1](29)     0.974813 -1.31857e-06
log_fdov[1](30)       2.7354 -1.06759e-06
log_fdov[1](31)     0.205516  -7.3664e-07
log_fdov[1](32)      1.09665 -1.22498e-06
log_fdov[1](33)      1.84243 -1.14332e-06
log_fdov[1](34)      1.05634 -4.23956e-07
log_fdov[1](35)     0.405743 -6.54489e-07
log_fdov[1](36)     0.120409  2.48859e-07
log_fdov[1](37)    -0.768811 -1.60155e-06
log_fdov[1](38)     -1.22181 -1.31116e-06
log_fdov[1](39)      -3.3964 -3.55624e-07
rec_dev_est(1982)       4.9399  -2.4654e-05
rec_dev_est(1983)      3.94036 -7.11884e-06
rec_dev_est(1984)      5.05279 -1.39649e-05
rec_dev_est(1985)      6.96435 -2.31683e-05
rec_dev_est(1986)      5.18815  -5.1253e-06
rec_dev_est(1987)      4.49677 -1.60901e-05
rec_dev_est(1988)      2.85346 -2.60521e-06
rec_dev_est(1989)      3.39474 -7.31235e-06
rec_dev_est(1990)      5.24769 -2.59131e-05
rec_dev_est(1991)      5.73343 -5.47622e-05
rec_dev_est(1992)      5.10418 -3.73183e-05
rec_dev_est(1993)      5.18371 -1.12981e-05
rec_dev_est(1994)      2.08348  -4.9511e-06
rec_dev_est(1995)      1.20496 -4.34467e-06
rec_dev_est(1996)      1.49603 -5.54156e-06
rec_dev_est(1997)      4.37194 -6.28515e-05
rec_dev_est(1998)      4.78069 -9.69524e-06
rec_dev_est(1999)      3.22683 -1.11713e-05
rec_dev_est(2000)      2.23695 -6.74732e-06
rec_dev_est(2001)      3.81154 -3.51236e-05
rec_dev_est(2002)      3.63089 -2.85685e-05
rec_dev_est(2003)      5.73462  -3.9204e-05
rec_dev_est(2004)      3.85639 -2.48455e-05
rec_dev_est(2005)      2.60281 -7.37733e-06
rec_dev_est(2006)      1.70122 -2.80708e-06
rec_dev_est(2007)      3.51593 -7.57957e-06
rec_dev_est(2008)      6.34495 -2.67336e-05
rec_dev_est(2009)      4.09044   -5.498e-06
rec_dev_est(2010)      3.72274 -5.60635e-06
rec_dev_est(2011)      4.09155 -2.06057e-06
rec_dev_est(2012)      2.42653 -2.70209e-06
rec_dev_est(2013)      2.14545 -3.62339e-06
rec_dev_est(2014)      4.08746 -1.59776e-05
rec_dev_est(2015)       5.6635 -2.93132e-05
rec_dev_est(2016)      4.80963 -3.41587e-06
rec_dev_est(2017)      2.35042  1.97095e-07
rec_dev_est(2018)    -0.202006  4.43231e-07
rec_dev_est(2019)    -0.987763  1.47674e-08
rec_dev_est(2020)    -0.247365  8.81347e-07
logit_rec_prop_est(1982)      1.97964  2.22891e-05
logit_rec_prop_est(1983)      1.72528   3.7977e-05
logit_rec_prop_est(1984)     0.745747  9.43955e-06
logit_rec_prop_est(1985)     -1.62941 -8.90361e-05
logit_rec_prop_est(1986)     -1.67866   1.9173e-05
logit_rec_prop_est(1987)      2.36586  3.78377e-05
logit_rec_prop_est(1988)    -0.377715  3.58397e-05
logit_rec_prop_est(1989)     0.407042  2.36952e-05
logit_rec_prop_est(1990)    -0.638416 -9.15698e-05
logit_rec_prop_est(1991)    -0.189564 -0.000204296
logit_rec_prop_est(1992)    -0.397854 -0.000136309
logit_rec_prop_est(1993)     -2.88393 -1.93214e-05
logit_rec_prop_est(1994)   -0.0850803  2.78538e-05
logit_rec_prop_est(1995)      2.00002  4.42088e-05
logit_rec_prop_est(1996)      1.62516  3.99171e-05
logit_rec_prop_est(1997)     0.456524 -0.000158703
logit_rec_prop_est(1998)     -3.23826  7.91506e-06
logit_rec_prop_est(1999)    -0.352611 -1.88045e-06
logit_rec_prop_est(2000)      1.04229  3.41261e-05
logit_rec_prop_est(2001)      4.46622  4.56317e-05
logit_rec_prop_est(2002)      3.02307  3.27035e-05
logit_rec_prop_est(2003)     -1.65409 -0.000209493
logit_rec_prop_est(2004)      1.60061  1.25632e-05
logit_rec_prop_est(2005)      2.27102  4.35099e-05
logit_rec_prop_est(2006)       1.6522   4.5278e-05
logit_rec_prop_est(2007)     0.111175  2.19745e-05
logit_rec_prop_est(2008)     -2.65039 -9.87096e-05
logit_rec_prop_est(2009)     -2.13827  1.66261e-05
logit_rec_prop_est(2010)     -1.10069  1.73681e-05
logit_rec_prop_est(2011)     -2.48355  3.72993e-05
logit_rec_prop_est(2012)       1.7659  4.54223e-05
logit_rec_prop_est(2013)      1.08376   4.2012e-05
logit_rec_prop_est(2014)      -0.7099 -4.04236e-05
logit_rec_prop_est(2015)     -1.47744 -0.000147246
logit_rec_prop_est(2016)     -2.07177  3.14417e-05
logit_rec_prop_est(2017)      -3.3875  4.88666e-05
logit_rec_prop_est(2018)     -0.82385  4.83364e-05
logit_rec_prop_est(2019)      1.91977  4.82616e-05
logit_rec_prop_est(2020)    -0.272349  4.87103e-05
m_mat_mult[1]     0.004479  0.000324008
m_mat_mult[2]    0.0600711  1.36984e-05
survey_q[1]     0.231493 -1.06117e-06
survey_q[2]     0.438608 -1.08239e-06
survey_q[3]     0.522986 -1.05184e-06
survey_q[4]     0.930936 -4.28362e-06
